,City Name,Cloudiness,Country,Date,Humidity,Latitude,Longitude,Max Temperature,Wind Speed
0,Cabedelo,75,BR,1579917004,88,-6.98,-34.83,78.8,4.7
1,Punta Arenas,20,CL,1579916809,76,-53.15,-70.92,48.2,10.38
2,Severo-Kuril'sk,95,RU,1579917005,90,50.68,156.12,17.17,41.03
3,Butaritari,100,KI,1579917005,71,3.07,172.79,84.51,3.96
4,Fort Nelson,90,CA,1579917005,85,58.81,-122.7,10.4,2.24
5,Rawson,100,AR,1579917005,47,-43.3,-65.1,70.02,30.87
6,Portland,75,US,1579916716,81,45.52,-122.68,53.6,3.47
7,Mataura,72,NZ,1579917005,63,-46.19,168.86,66.99,5.01
8,Bredasdorp,26,ZA,1579917005,94,-34.53,20.04,68.0,1.3
9,Cabo San Lucas,90,MX,1579917005,72,22.89,-109.91,69.01,4.7
10,Gouyave,75,GD,1579917006,94,12.16,-61.73,77.0,17.22
11,Rikitea,43,PF,1579917006,76,-23.12,-134.97,78.58,13.42
12,Teloloapan,0,MX,1579917006,39,18.35,-99.85,73.99,3.11
13,Tema,12,GH,1579917006,83,5.67,-0.02,82.4,3.36
14,Lagoa,100,PT,1579917006,81,39.05,-27.98,61.0,19.91
15,Hirara,75,JP,1579917007,83,24.8,125.28,75.2,10.29
16,Mar del Plata,40,AR,1579916912,78,-38.0,-57.56,75.2,4.7
17,Ushuaia,75,AR,1579916714,81,-54.8,-68.3,48.2,5.82
18,Kavieng,7,PG,1579917007,68,-2.57,150.8,84.27,11.32
19,Alofi,100,NU,1579917007,86,-19.06,-169.92,80.46,10.69
20,Hobart,100,AU,1579916867,37,-42.88,147.33,73.99,21.92
21,Bluff,73,NZ,1579917007,63,-46.6,168.33,66.99,5.01
22,Busselton,0,AU,1579917008,32,-33.65,115.33,84.0,5.37
23,Hithadhoo,79,MV,1579917008,78,-0.6,73.08,83.28,14.74
24,Upernavik,100,GL,1579916814,95,72.79,-56.15,-11.85,5.57
25,Lorengau,9,PG,1579917008,69,-2.02,147.27,83.79,3.44
26,Arlit,55,NE,1579917008,11,18.74,7.39,65.68,6.06
27,Constitucion,0,CL,1579916883,63,-35.33,-72.42,57.33,5.99
28,Aginskoye,0,RU,1579917008,78,51.1,114.53,1.13,2.77
29,Kayamkulam,89,IN,1579917009,66,9.18,76.5,77.81,12.53
30,Viedma,100,AR,1579917009,43,-40.81,-63.0,69.39,14.65
31,Waddan,65,LY,1579917009,44,29.16,16.14,52.47,5.93
32,Ponta do Sol,20,PT,1579917009,58,32.67,-17.1,57.2,5.82
33,Naustdal,100,NO,1579917009,93,61.51,5.72,37.4,5.82
34,Porto Santo,40,PT,1579917010,67,33.07,-16.34,59.0,12.75
35,Yar-Sale,89,RU,1579917010,97,66.83,70.83,1.85,4.29
36,Jamestown,90,US,1579916729,86,42.1,-79.24,44.01,14.99
37,New Norfolk,100,AU,1579917010,37,-42.78,147.06,73.99,21.92
38,Bengkulu,100,ID,1579917010,93,-3.8,102.27,75.9,3.49
39,Kapaa,20,US,1579916812,74,22.08,-159.32,80.6,13.87
40,Matay,0,EG,1579917010,65,28.42,30.78,41.99,10.42
41,Hilo,90,US,1579917010,69,19.73,-155.09,77.0,9.17
42,Biak,39,ID,1579917011,68,-0.91,122.88,82.44,2.73
43,Saskylakh,100,RU,1579917011,91,71.92,114.08,-26.66,23.29
44,Arraial do Cabo,20,BR,1579916818,94,-22.97,-42.03,73.4,5.82
45,Castro,1,BR,1579917012,98,-24.79,-50.01,56.61,4.47
46,Hong Kong,40,HK,1579917012,77,22.29,114.16,73.99,11.41
47,Lakes Entrance,31,AU,1579917012,42,-37.88,147.98,80.01,3.0
48,Chui,0,UY,1579917012,87,-33.7,-53.46,70.02,11.23
49,East London,27,ZA,1579916814,80,-33.02,27.91,75.85,2.13
50,Yellowknife,75,CA,1579917012,84,62.46,-114.35,6.8,9.17
51,Kars,0,TR,1579917013,77,40.6,43.09,3.2,2.98
52,Kodiak,75,US,1579917013,62,57.79,-152.41,19.4,13.87
53,Praia da Vitoria,20,PT,1579917013,87,38.73,-27.07,55.4,14.0
54,Atuona,0,PF,1579916809,77,-9.8,-139.03,80.96,12.8
55,Phan Thiet,0,VN,1579917013,47,10.93,108.1,86.32,8.77
56,Harper,2,LR,1579917013,96,4.38,-7.72,75.69,1.5
57,Albany,75,US,1579916714,68,42.6,-73.97,36.0,5.7
58,Deer Lake,5,CA,1579917014,84,49.17,-57.43,-2.0,4.16
59,San Cristobal,40,VE,1579917014,83,7.77,-72.22,78.8,4.7
60,Tasiilaq,100,GL,1579917014,45,65.61,-37.64,23.0,18.34
61,Stykkisholmur,100,IS,1579917014,91,65.08,-22.73,26.04,17.27
62,Chokurdakh,9,RU,1579917014,95,70.63,147.92,-35.55,2.53
63,Dumbravita,90,RO,1579917014,81,45.77,25.43,19.0,2.42
64,Vaini,40,TO,1579917015,74,-21.2,-175.2,84.2,9.17
65,Brae,100,GB,1579917015,93,60.4,-1.35,46.4,19.46
66,Cabo Rojo,1,PR,1579917015,85,18.09,-67.15,78.01,3.36
67,Kavaratti,100,IN,1579917015,75,10.57,72.64,81.55,7.83
68,Rivadavia,16,AR,1579917015,40,-33.19,-68.46,86.0,3.36
69,Rio Claro,0,BR,1579917016,82,-22.41,-47.56,68.0,12.75
70,Kigoma,98,TZ,1579917016,71,-4.88,29.63,76.82,5.61
71,Tuatapere,99,NZ,1579917016,63,-46.13,167.68,66.99,5.01
72,Mehamn,100,NO,1579917016,79,71.04,27.85,25.52,21.7
73,Rupert,1,US,1579917016,86,42.62,-113.68,37.4,8.05
74,Pevek,92,RU,1579917017,96,69.7,170.31,-23.4,2.57
75,Nivala,62,FI,1579917017,89,63.92,25.0,28.99,8.99
76,Barrow,1,US,1579917001,68,71.29,-156.79,-18.4,10.29
77,Auki,0,SB,1579917017,72,-8.77,160.7,85.1,8.41
78,Provideniya,51,RU,1579916851,95,64.38,-173.3,-8.07,4.74
79,Te Anau,16,NZ,1579917018,77,-45.42,167.72,64.17,8.03
80,Marawi,40,PH,1579917018,87,8.0,124.29,81.0,4.0
81,Puerto Ayora,23,EC,1579917018,57,-0.74,-90.35,77.0,1.01
82,Hermanus,0,ZA,1579917018,97,-34.42,19.23,66.0,1.32
83,Tessalit,85,ML,1579917018,12,20.2,1.01,72.77,12.5
84,Dikson,100,RU,1579917018,94,73.51,80.55,-3.32,7.02
85,Bethel,5,US,1579917018,48,41.37,-73.41,41.0,9.17
86,Nikolskoye,90,RU,1579917019,80,59.7,30.79,35.6,11.18
87,Severiano Melo,87,BR,1579917019,76,-5.78,-37.96,77.92,4.43
88,Ponta Delgada,75,PT,1579916970,76,37.73,-25.67,55.4,5.82
89,Thaton,72,MM,1579917019,28,16.92,97.37,80.46,2.17
90,Severnyy,90,RU,1579917019,93,50.68,36.55,32.0,8.95
91,Stephenville,1,US,1579917020,43,32.22,-98.2,53.6,3.36
92,Lhokseumawe,12,ID,1579917020,67,5.18,97.15,79.66,3.8
93,Cherskiy,100,RU,1579917020,93,68.75,161.3,-30.15,3.02
94,Esso,100,RU,1579917020,93,55.93,158.7,2.62,6.58
95,Verkhnevilyuysk,61,RU,1579917020,91,63.45,120.32,-29.22,7.34
96,Lethem,100,GY,1579917020,42,3.38,-59.8,84.06,14.5
97,Luderitz,0,NA,1579917020,93,-26.65,15.16,66.2,3.36
98,Calvinia,0,ZA,1579917021,58,-31.47,19.78,64.04,3.44
99,Xining,0,CN,1579917021,57,36.62,101.77,18.19,4.81
100,Rome,1,US,1579916779,59,43.21,-75.46,39.2,10.29
101,Padang,14,ID,1579917021,63,-0.95,100.35,82.47,1.19
102,Vostok,11,RU,1579917022,83,46.49,135.88,-1.39,7.63
103,Saint-Philippe,100,RE,1579917022,94,-21.36,55.77,78.8,24.16
104,Narsaq,100,GL,1579916869,79,60.92,-46.05,21.2,3.36
105,Toora-Khem,100,RU,1579917022,89,52.47,96.11,6.35,2.57
106,Caravelas,100,BR,1579917022,80,-17.71,-39.25,80.04,28.27
107,Umm Kaddadah,33,SD,1579917022,26,13.6,26.69,49.68,14.54
108,Peniche,75,PT,1579917023,100,39.36,-9.38,51.01,10.29
109,Oneonta,21,US,1579917023,75,42.45,-75.06,39.0,1.01
110,Yerbogachen,98,RU,1579917023,94,61.28,108.01,8.26,6.42
111,Salalah,20,OM,1579917023,73,17.02,54.09,73.4,1.12
112,Ushtobe,100,KZ,1579917023,98,45.25,77.98,34.95,8.75
113,Taoudenni,89,ML,1579917024,20,22.68,-3.98,72.52,5.88
114,Kamaishi,40,JP,1579917024,43,39.27,141.88,35.6,11.41
115,Son La,46,VN,1579917024,69,21.32,103.9,71.17,3.04
116,Skjervoy,100,NO,1579917024,96,70.03,20.97,30.78,18.52
117,Northam,75,GB,1579917024,93,51.03,-4.22,44.6,5.82
118,Bac Lieu,32,VN,1579917025,59,9.29,105.72,85.3,12.71
119,Kontagora,16,NG,1579917025,14,10.4,5.47,68.2,7.92
120,High Level,90,CA,1579917026,100,58.52,-117.14,19.4,5.82
121,Cabatuan,35,PH,1579917026,71,10.88,122.49,84.49,7.02
122,Marovoay,20,MG,1579917026,94,-16.1,46.63,77.0,2.24
123,Sinazongwe,13,ZM,1579917026,83,-17.26,27.46,74.28,10.67
124,Olinda,90,BR,1579916737,74,-8.01,-34.86,82.4,4.7
125,Aswan,0,EG,1579917026,75,24.09,32.91,45.59,8.03
126,Petropavlovsk-Kamchatsky,100,RU,1579917026,53,53.05,158.65,21.2,4.47
127,Port Alfred,0,ZA,1579917027,94,-33.59,26.89,64.0,1.99
128,Usevya,100,TZ,1579917027,96,-7.1,31.23,64.92,0.98
129,Bissora,89,GW,1579917027,54,12.22,-15.45,72.07,2.33
130,Pak Phanang,20,TH,1579916921,83,8.35,100.2,78.8,5.77
131,Pisco,90,PE,1579917028,73,-13.7,-76.22,77.0,8.05
132,Naifaru,81,MV,1579917028,78,5.44,73.37,82.4,17.69
133,Vardo,100,NO,1579917028,64,70.37,31.11,27.16,9.44
134,Waipawa,83,NZ,1579917028,60,-41.41,175.52,75.2,21.92
135,Doha,0,QA,1579916848,71,25.29,51.53,57.2,2.24
136,Lahat,100,ID,1579917029,97,-3.8,103.53,71.33,2.75
137,Bambous Virieux,75,MU,1579917029,94,-20.34,57.76,80.6,19.46
138,Iqaluit,5,CA,1579917029,67,63.75,-68.51,-27.0,5.82
139,Neka,90,IR,1579917029,93,36.65,53.3,41.0,6.93
140,Usakos,0,NA,1579917029,37,-22.0,15.6,66.52,1.68
141,Bismarck,90,US,1579916897,92,46.81,-100.78,23.0,5.82
142,Sheridan,1,US,1579917030,52,44.83,-106.92,42.8,3.36
143,Baker City,90,US,1579917030,86,44.77,-117.83,41.0,3.36
144,Puerto del Rosario,0,ES,1579916846,87,28.5,-13.86,57.2,5.82
145,Nexo,100,DK,1579917030,100,55.06,15.13,42.8,19.46
146,Vestmannaeyjar,100,IS,1579917030,82,63.44,-20.27,39.34,35.28
147,Sambava,78,MG,1579917030,96,-14.27,50.17,72.54,2.35
148,Araouane,100,ML,1579917030,15,18.9,-3.53,73.92,6.51
149,Lebu,0,CL,1579917031,63,-37.62,-73.65,58.15,8.08
150,Abha,92,SA,1579917031,87,18.22,42.51,48.2,4.7
151,Tahoua,2,NE,1579917031,11,14.89,5.27,68.0,9.17
152,Ayagoz,100,KZ,1579917031,94,47.97,80.44,24.89,22.08
153,Dhanaura,0,IN,1579917031,77,28.97,78.25,50.04,1.5
154,Erenhot,0,CN,1579917032,80,43.65,111.98,15.67,10.16
155,Poum,19,NC,1579917032,74,-20.23,164.02,79.66,13.42
156,Nevsehir,0,TR,1579917032,85,38.92,34.67,15.8,4.7
157,Okha,100,RU,1579917032,88,53.57,142.95,-1.17,18.77
158,Sitka,75,US,1579916817,69,57.05,-135.33,35.6,10.29
159,Kamenka,98,RU,1579917033,94,51.32,42.77,30.0,18.07
160,Olga,0,RU,1579917033,49,43.74,135.29,17.06,6.6
161,Manaus,40,BR,1579916826,74,-3.1,-60.02,84.2,3.36
162,Tiksi,0,RU,1579916835,78,71.69,128.87,-31.7,5.95
163,Manuk Mangkaw,0,PH,1579917033,71,4.8,119.85,83.23,2.71
164,Rocha,0,UY,1579916786,49,-34.48,-54.33,70.83,7.9
165,Shubarshi,92,KZ,1579917034,96,48.59,57.19,5.59,11.25
166,San Patricio,40,MX,1579917034,78,19.22,-104.7,80.6,9.17
167,San Policarpo,92,PH,1579917034,85,12.18,125.51,81.28,11.05
168,Marabu,75,MY,1579916834,94,4.41,114.01,80.6,6.93
169,Marsh Harbour,100,BS,1579917035,64,26.54,-77.06,71.69,6.71
170,Upata,0,VE,1579917035,79,8.01,-62.4,70.5,3.91
171,Uinskoye,100,RU,1579917035,92,56.88,56.58,7.5,11.63
172,Jasper,90,US,1579916878,85,37.2,-94.35,34.0,6.93
173,Sungaipenuh,99,ID,1579917035,95,-2.08,101.38,66.34,1.79
174,Longyearbyen,20,SJ,1579916830,54,78.22,15.64,1.4,17.22
175,Ordzhonikidze,24,KZ,1579917036,90,52.44,61.74,2.28,15.28
176,Bariloche,40,AR,1579917036,48,-41.15,-71.31,60.8,17.22
177,Tutoia,60,BR,1579917036,94,-2.76,-42.27,76.14,4.29
178,Tuktoyaktuk,90,CA,1579917036,77,69.45,-133.04,-2.2,12.75
179,St Albans,90,GB,1579916745,100,51.75,-0.33,43.0,3.36
180,Kromberk,100,SI,1579917036,86,45.96,13.67,43.0,4.7
181,Neiafu,75,TO,1579917037,78,-18.65,-173.98,82.4,6.93
182,Kruisfontein,71,ZA,1579917037,83,-34.0,24.73,65.12,5.68
183,Khuzdar,1,PK,1579917037,66,27.74,66.64,47.79,3.38
184,Eureka,90,US,1579917037,87,40.8,-124.16,59.0,4.79
185,Juneau,90,US,1579917038,95,58.3,-134.42,33.01,2.62
186,Willmar,90,US,1579916802,80,45.12,-95.04,30.2,6.93
187,Cape Town,20,ZA,1579916972,93,-33.93,18.42,66.0,5.82
188,Zwickau,93,DE,1579917038,73,50.72,12.48,33.01,1.12
189,Boa Vista,100,BR,1579916861,58,2.82,-60.67,84.2,9.17
190,Laureles,40,US,1579917038,67,26.11,-97.49,64.99,5.82
191,Karpathos,0,GR,1579917038,66,35.51,27.21,51.8,11.41
192,Puerto Ayacucho,50,VE,1579917039,58,5.66,-67.62,86.0,4.7
193,Lavrentiya,0,RU,1579917039,80,65.58,-171.0,-15.86,3.11
194,Mayo,40,US,1579917039,93,38.89,-76.51,48.99,11.41
195,La Ronge,75,CA,1579917039,92,55.1,-105.28,15.8,2.17
196,Thompson,20,CA,1579917039,85,55.74,-97.86,15.8,8.05
197,Male,82,MV,1579917013,79,4.17,73.51,82.31,17.02
198,Maltahohe,0,NA,1579917039,56,-24.83,16.98,52.32,0.65
199,Aklavik,90,CA,1579916832,76,68.22,-135.01,-4.0,9.17
200,Haines Junction,99,CA,1579917040,96,60.75,-137.51,-9.22,3.44
201,Sakakah,0,SA,1579917040,80,29.97,40.21,35.6,11.41
202,Tsimmerbude,90,RU,1579917040,93,54.67,20.13,42.8,17.9
203,Singkang,20,MY,1579917040,78,2.1,102.8,78.8,8.05
204,Krasnyy Yar,40,RU,1579917041,79,46.53,48.35,21.2,13.42
205,Omaruru,2,NA,1579917041,37,-21.43,15.93,66.9,2.66
206,Jiwani,58,PK,1579917041,73,25.05,61.74,70.52,6.91
207,Hasaki,75,JP,1579917041,49,35.73,140.83,46.99,9.17
208,Clyde River,1,CA,1579917041,74,70.47,-68.59,-25.6,2.24
209,Khatanga,70,RU,1579917042,90,71.97,102.5,-22.83,7.87
210,Carnarvon,0,AU,1579917042,40,-24.87,113.63,89.6,10.29
211,Bandar-e Lengeh,0,IR,1579917042,55,26.56,54.88,63.48,15.1
212,Walvis Bay,0,NA,1579917042,93,-22.96,14.51,64.0,4.7
213,Labuan,75,MY,1579917042,79,5.28,115.24,84.2,3.36
214,Birin,0,NP,1579917042,70,26.89,88.07,45.43,2.89
215,Ribeira Grande,100,PT,1579917043,87,38.52,-28.7,57.09,15.19
216,Torbay,20,CA,1579917008,67,47.67,-52.73,21.99,6.93
217,Marfino,75,RU,1579917043,86,55.7,37.38,39.0,17.9
218,Oksfjord,90,NO,1579917043,85,70.24,22.35,19.4,8.05
219,Tabou,2,CI,1579917043,96,4.42,-7.35,75.69,1.5
220,Gayny,83,RU,1579917043,98,60.31,54.32,-1.75,4.59
221,Port Elizabeth,62,ZA,1579917044,78,-33.92,25.57,69.76,13.02
222,Sakaraha,46,MG,1579917044,74,-22.9,44.53,68.86,3.38
223,Baoqing,0,CN,1579917044,70,46.33,132.21,4.53,3.27
224,Coahuayana Viejo,40,MX,1579917044,83,18.73,-103.68,71.6,11.41
225,Olden,100,NO,1579917044,94,61.84,6.81,35.01,5.14
226,Carutapera,90,BR,1579916885,80,-1.2,-46.02,82.76,14.09
227,Port-Gentil,57,GA,1579916941,78,-0.72,8.78,82.74,9.22
228,Marsabit,100,KE,1579917045,64,2.33,37.99,77.54,13.65
229,Kaitangata,60,NZ,1579917045,90,-46.28,169.85,58.19,15.26
230,Madimba,90,TZ,1579917045,85,-10.4,40.33,78.39,4.85
231,Campana,0,AR,1579916780,73,-34.17,-58.96,80.6,8.05
232,Souillac,75,MU,1579916836,94,-20.52,57.52,80.6,19.46
233,Abadan,90,TM,1579917046,93,38.05,58.21,39.2,4.7
234,Avarua,80,CK,1579917046,88,-21.21,-159.78,82.4,8.05
235,Dwarka,5,IN,1579917046,47,22.24,68.97,71.13,8.75
236,Kemise,99,ET,1579917046,94,10.72,39.87,60.4,2.46
237,Bakchar,100,RU,1579917046,95,57.02,82.07,25.97,9.53
238,Wanaka,89,NZ,1579917047,58,-44.7,169.15,77.0,5.01
239,Abu Samrah,0,SY,1579917047,59,35.3,37.18,34.09,2.57
240,Qaanaaq,3,GL,1579916815,47,77.48,-69.36,-7.33,8.75
241,Pekalongan,90,ID,1579917047,70,-6.89,109.68,86.07,4.47
242,Nishihara,40,JP,1579917047,78,26.18,127.76,77.0,11.41
243,Navolato,90,MX,1579917047,77,24.77,-107.69,69.8,6.93
244,Departamento de Maldonado,0,UY,1579916966,78,-34.67,-54.92,73.4,4.7
245,Gunnedah,0,AU,1579917048,58,-30.98,150.25,87.8,6.93
246,Cooma,61,AU,1579917048,15,-36.23,149.13,80.6,11.41
247,Glenwood Springs,90,US,1579917048,92,39.55,-107.32,37.4,9.17
248,Imbituba,18,BR,1579916894,88,-28.24,-48.67,71.6,5.82
249,Kommunisticheskiy,47,RU,1579917048,95,61.68,64.48,-2.78,4.63
250,Boissevain,90,CA,1579917048,92,49.23,-100.06,15.8,24.16
251,Katsuura,75,JP,1579917048,42,35.13,140.3,51.01,8.05
252,Hamilton,90,US,1579917049,86,39.18,-84.53,43.0,3.36
253,Muros,20,ES,1579917049,87,42.78,-9.06,48.99,4.7
254,Faanui,6,PF,1579917049,77,-16.48,-151.75,82.33,12.59
255,Banjarmasin,20,ID,1579917049,83,-3.32,114.59,84.2,3.36
256,Griffith,90,US,1579917049,100,41.53,-87.42,37.0,6.22
257,Inhambane,15,MZ,1579917049,68,-23.86,35.38,76.12,9.24
258,Kabanjahe,20,ID,1579917049,88,3.1,98.49,80.6,5.82
259,Conceicao do Araguaia,100,BR,1579917050,94,-8.26,-49.26,73.65,2.55
260,Palmer,75,US,1579917050,80,42.16,-72.33,36.0,5.32
261,Mahon,19,ES,1579917050,93,39.89,4.27,50.0,5.82
262,Barra de Tecoanapa,10,MX,1579917050,81,16.52,-98.75,75.51,0.58
263,Deputatsky,1,RU,1579917050,96,69.3,139.9,-37.97,0.09
264,Shizunai,100,JP,1579917050,63,42.33,142.37,17.78,13.42
265,Kozhevnikovo,100,RU,1579917051,94,56.26,83.97,28.99,11.99
266,Pacific Grove,1,US,1579917051,82,36.62,-121.92,60.01,6.02
267,Sobolevo,100,RU,1579917051,94,54.43,31.9,36.1,13.73
268,Alihe,0,CN,1579917051,72,50.57,123.72,1.02,3.42
269,Iskateley,86,RU,1579917051,99,67.68,53.15,-10.75,3.6
270,Camocim,95,BR,1579917052,88,-2.9,-40.84,73.78,3.67
271,Saint George,1,US,1579917052,61,37.1,-113.58,55.4,0.51
272,George Town,20,MY,1579916817,61,5.41,100.34,82.4,2.24
273,Oistins,20,BB,1579917052,78,13.07,-59.53,78.8,10.29
274,Atar,100,MR,1579917052,21,20.52,-13.05,70.29,9.22
275,Nagai,40,JP,1579917052,64,38.1,140.03,42.01,3.36
276,Sukhobezvodnoye,84,RU,1579917053,90,57.05,44.89,27.45,9.8
277,Requena,75,ES,1579917053,93,39.49,-1.1,52.0,5.82
278,Korla,100,CN,1579917053,68,41.76,86.15,15.03,2.17
279,Mtambile,100,TZ,1579917053,86,-5.38,39.7,81.59,12.71
280,Johi,0,PK,1579917053,49,26.69,67.61,62.76,1.12
281,Balkanabat,99,TM,1579917053,71,39.51,54.37,31.41,1.16
282,Kahului,40,US,1579917054,65,20.89,-156.47,80.6,11.41
283,Baiyin,0,CN,1579917054,77,36.56,104.21,32.0,4.47
284,Wanning,61,CN,1579917054,69,18.8,110.4,75.92,4.65
285,Camacha,40,PT,1579917054,67,33.08,-16.33,59.0,12.75
286,Qingyang,100,CN,1579917054,57,37.5,121.26,36.77,7.49
287,Meulaboh,16,ID,1579917054,75,4.14,96.13,83.01,4.72
288,Anadyr,90,RU,1579917054,84,64.75,177.48,6.8,4.47
289,Zell am See,40,AT,1579917055,58,47.33,12.79,32.0,2.24
290,Mount Isa,75,AU,1579917055,66,-20.73,139.5,86.0,12.75
291,Zhangye,93,CN,1579917055,27,38.93,100.45,28.27,4.5
292,Nanortalik,100,GL,1579917055,75,60.14,-45.24,20.73,31.65
293,Ngunguru,12,NZ,1579917055,66,-35.62,174.5,82.0,8.01
294,Bintulu,75,MY,1579917056,88,3.17,113.03,78.8,3.36
295,Forsytheganj,100,BY,1579917056,97,52.63,29.73,34.2,13.2
296,Pundaguitan,15,PH,1579917056,78,6.37,126.17,81.45,4.0
297,Gobabis,0,NA,1579917056,65,-22.45,18.97,66.87,6.29
298,Bonthe,0,SL,1579917056,89,7.53,-12.51,75.78,2.77
299,Hofn,100,IS,1579917056,97,64.25,-15.21,36.28,44.52
300,Quatre Cocos,75,MU,1579917056,94,-20.21,57.76,80.6,19.46
301,Tazovsky,96,RU,1579917057,96,67.47,78.7,3.07,2.15
302,Pasighat,0,IN,1579917057,59,28.07,95.33,58.33,1.03
303,Alekseyevka,100,RU,1579917057,94,50.63,38.69,31.64,14.85
304,La Paz,40,BO,1579917057,76,-16.5,-68.15,51.8,10.29
305,Oodweyne,91,SO,1579917057,80,9.41,45.06,64.58,13.35
306,Mezen,100,RU,1579917058,95,65.85,44.24,1.99,7.11
307,Tiarei,40,PF,1579917058,62,-17.53,-149.33,87.8,5.82
308,Shakawe,39,BW,1579917058,88,-18.37,21.85,67.37,4.7
309,Klaksvik,100,FO,1579917058,100,62.23,-6.59,44.6,11.41
310,Sayansk,92,RU,1579917058,83,54.11,102.16,12.33,8.84
311,Nouadhibou,99,MR,1579917058,59,20.93,-17.03,64.4,17.22
312,Bilma,40,NE,1579917058,15,18.69,12.92,57.88,7.7
313,Byron Bay,90,AU,1579917059,94,-28.65,153.62,82.0,8.05
314,Ahar,82,IR,1579917059,90,38.48,47.07,7.56,3.02
315,Kendari,16,ID,1579917059,57,-3.94,122.5,91.35,2.44
316,Si Bun Rueang,65,TH,1579917059,53,16.97,102.28,82.56,2.35
317,Muscat,20,OM,1579916659,88,23.61,58.59,69.8,3.36
318,Kantunilkin,40,MX,1579917060,73,21.09,-87.45,71.6,6.93
319,Bam,0,IR,1579917060,70,29.11,58.36,47.79,1.19
320,Mahebourg,75,MU,1579916850,94,-20.41,57.7,80.6,19.46
321,Monduli,100,TZ,1579917060,86,-3.3,36.45,66.65,0.78
322,Marzuq,85,YE,1579917060,84,14.4,46.47,60.15,1.66
323,Husavik,90,IS,1579917060,68,66.04,-17.34,30.2,29.97
324,Ugoofaaru,80,MV,1579917060,79,5.67,73.0,82.13,16.49
325,Borazjan,0,IR,1579917061,75,29.27,51.22,49.68,3.65
326,Kita,83,ML,1579917061,10,13.03,-9.49,73.58,4.59
327,Rostovka,12,RU,1579917061,96,55.38,71.89,1.49,9.57
328,Muli,89,MV,1579917061,80,2.92,73.57,82.15,15.59
329,Jalu,0,LY,1579917061,66,29.03,21.55,51.26,4.97
330,Kumul,0,CN,1579917061,51,42.8,93.45,16.84,3.02
331,Guilin,75,CN,1579917062,93,25.28,110.29,46.4,4.47
332,Kaeo,0,NZ,1579917062,61,-35.1,173.78,91.99,1.01
333,Argentan,90,FR,1579917062,100,48.75,-0.02,35.6,6.93
334,Huilong,100,CN,1579917062,93,31.81,121.66,51.01,10.33
335,Camacupa,100,AO,1579917062,98,-12.02,17.48,62.69,1.86
336,Goderich,100,CA,1579917062,95,43.75,-81.72,37.0,19.1
337,Isangel,24,VU,1579917063,80,-19.55,169.27,79.27,12.53
338,Saldanha,18,ZA,1579917063,82,-33.01,17.94,66.2,11.41
339,Jinka,100,ET,1579917063,48,5.65,36.65,72.21,4.23
340,Los Llanos de Aridane,0,ES,1579917063,63,28.66,-17.92,60.8,8.05
341,Qiryat Shemona,0,IL,1579917064,53,33.21,35.57,50.0,6.93
342,Salta,29,AR,1579917064,60,-24.79,-65.41,75.2,4.7
343,Bhadasar,0,IN,1579917064,41,28.28,74.32,56.14,3.4
344,Dukat,100,RU,1579917064,94,62.55,155.55,-31.52,6.06
345,Laas,75,IT,1579917064,79,46.62,10.7,34.0,1.12
346,Uspenka,100,UA,1579917064,61,48.39,39.16,33.03,19.44
347,Petropavlovka,0,RU,1579917064,79,50.61,105.32,0.86,1.3
348,Mhango,100,TZ,1579917065,75,-3.28,32.85,68.05,0.43
349,Chegdomyn,66,RU,1579917065,88,51.12,133.02,-16.13,1.66
350,Cidreira,0,BR,1579917065,70,-30.18,-50.21,72.99,2.13
351,Matara,100,LK,1579917065,69,5.95,80.54,80.62,3.04
352,Lac du Bonnet,24,CA,1579917065,96,50.25,-96.06,11.08,3.6
353,Sao Felix do Xingu,100,BR,1579917066,93,-6.64,-51.99,72.52,1.68
354,Baley,0,RU,1579917066,90,51.6,116.63,-2.83,5.66
355,Chakia,0,IN,1579917066,59,26.42,85.05,56.75,1.74
356,Mandalgovi,0,MN,1579917066,62,45.76,106.27,13.33,4.61
357,Oranjestad,20,AW,1579916800,69,12.52,-70.03,80.6,10.29
358,Zhireken,18,RU,1579917067,88,52.82,117.31,-8.88,5.68
359,Yaan,83,NG,1579917067,11,7.38,8.57,66.76,4.7
360,Sunndalsora,100,NO,1579917067,51,62.68,8.55,39.2,27.51
361,Karimpur,0,IN,1579917067,50,23.97,88.62,60.89,5.32
362,Nantucket,1,US,1579917067,100,41.28,-70.1,39.2,6.93
363,Talaya,100,RU,1579917068,95,61.38,152.75,-31.43,5.79
364,Cayenne,75,GF,1579917068,83,4.93,-52.33,78.8,4.7
365,Moate,100,IE,1579917068,94,53.55,-7.72,41.0,5.01
366,Talladega,1,US,1579917068,70,33.44,-86.11,50.0,6.93
367,Leninskoye,0,RU,1579917068,80,47.94,132.62,-1.41,6.44
368,Geraldton,0,AU,1579917068,57,-28.77,114.6,78.8,14.99
369,Ajdabiya,0,LY,1579917069,64,30.76,20.23,57.49,10.42
370,Chabahar,8,IR,1579917069,85,25.29,60.64,65.88,2.08
371,Ciudad Lazaro Cardenas,60,MX,1579917069,81,17.96,-102.2,73.53,1.59
372,Kozhva,93,RU,1579917069,98,65.11,57.05,-3.21,3.58
373,Fuente de Oro,100,CO,1579917069,67,3.46,-73.61,79.43,9.48
374,Kysyl-Syr,78,RU,1579917070,96,63.9,122.76,-37.7,8.43
375,Kostanay,0,KZ,1579917070,84,53.17,63.58,1.4,11.18
376,Grootfontein,74,NA,1579917070,74,-19.57,18.12,67.03,1.41
377,Ishigaki,75,JP,1579917070,88,24.34,124.16,75.2,9.17
378,Solvychegodsk,99,RU,1579917070,96,61.33,46.92,10.44,4.47
379,Abu Dhabi,0,AE,1579917008,77,24.47,54.37,62.6,1.12
380,Port Hedland,0,AU,1579917070,37,-20.32,118.57,98.6,4.7
381,Aromashevo,66,RU,1579917071,96,56.86,68.64,-0.69,9.33
382,Katherine,40,AU,1579917071,66,-14.47,132.27,87.8,10.29
383,Berlevag,100,NO,1579917071,77,70.86,29.09,29.5,27.13
384,Maniwaki,100,CA,1579917072,91,46.38,-75.97,25.56,4.63
385,College,75,US,1579917072,70,64.86,-147.8,1.4,8.05
386,Moose Factory,90,CA,1579917072,85,51.26,-80.61,17.6,6.93
387,Ixtapa,90,MX,1579916837,73,20.7,-105.2,77.0,2.24
388,Talnakh,40,RU,1579917072,84,69.49,88.4,8.6,20.13
389,Sazonovo,84,RU,1579917072,83,59.09,35.23,30.56,9.82
390,Luga,91,RU,1579917072,87,58.74,29.85,35.46,11.74
391,Houston,1,US,1579916644,66,29.76,-95.36,57.0,2.55
392,OEstersund,98,SE,1579917003,86,63.18,14.64,28.99,16.11
393,Margate,54,GB,1579917073,93,51.38,1.39,43.0,8.05
394,Jardim,0,BR,1579917073,95,-21.48,-56.14,70.45,2.42
395,Victor Harbor,75,AU,1579917074,64,-35.57,138.62,75.99,11.41
396,Ilinskiy,90,RU,1579917074,86,55.62,38.12,39.0,8.95
397,Mokhsogollokh,23,RU,1579917074,97,61.47,128.92,-34.2,3.06
398,Ancud,20,CL,1579917074,77,-41.87,-73.82,59.0,9.17
399,Smirnykh,100,RU,1579917074,70,49.75,142.83,4.26,12.17
400,Port Shepstone,100,ZA,1579917074,73,-30.74,30.45,65.1,4.54
401,Durban,88,ZA,1579916946,83,-29.86,31.03,75.0,4.7
402,Necochea,89,AR,1579917075,91,-38.55,-58.74,64.99,5.99
403,Dudinka,40,RU,1579917075,84,69.41,86.18,8.6,20.13
404,Karratha,9,AU,1579917075,78,-20.74,116.85,84.27,11.56
405,Honiara,40,SB,1579916908,74,-9.43,159.95,87.8,8.05
406,Garoowe,100,SO,1579917075,76,8.41,48.48,73.15,8.55
407,Flinders,90,AU,1579916911,54,-34.58,150.86,86.0,10.29
408,Saint Anthony,75,US,1579917075,96,45.02,-93.22,32.0,8.05
409,Aligoodarz,9,IR,1579917076,65,33.4,49.69,15.67,3.62
410,Faya,0,SA,1579917076,87,18.39,42.45,48.2,4.7
411,Tabuk,93,PH,1579917076,78,17.42,121.44,78.64,4.97
412,Westport,1,US,1579917076,64,41.14,-73.36,42.8,9.17
413,Baruun-Urt,0,MN,1579917076,87,46.68,113.28,4.1,8.05
414,Oxapampa,100,PE,1579917076,98,-10.58,-75.4,56.7,0.36
415,Kiama,90,AU,1579917077,54,-34.68,150.87,84.99,10.29
416,Monrovia,20,LR,1579917077,88,6.3,-10.8,77.0,0.74
417,Itarana,100,BR,1579917077,99,-19.87,-40.88,67.46,6.67
418,Zapolyarnyy,20,RU,1579917077,84,69.42,30.81,1.4,6.93
419,Louangphabang,40,LA,1579917077,93,19.89,102.13,57.2,2.24
420,Kutum,0,SD,1579917078,36,14.2,24.67,38.84,4.99
421,Riyadh,0,SA,1579916842,46,24.69,46.72,50.0,3.36
422,Don Benito,98,ES,1579917078,89,38.96,-5.86,48.99,8.99
423,Qaqortoq,100,GL,1579917078,79,60.72,-46.03,21.2,3.36
424,Hobyo,100,SO,1579917078,84,5.35,48.53,77.68,12.06
425,Shakiso,100,ET,1579917079,63,5.75,38.92,62.94,4.85
426,Coquimbo,0,CL,1579917079,82,-29.95,-71.34,66.2,6.93
427,Manokwari,59,ID,1579916946,73,-0.87,134.08,78.93,5.61
428,Qasigiannguit,100,GL,1579917079,51,68.82,-51.19,14.0,8.05
429,Biltine,0,TD,1579917079,18,14.53,20.92,56.08,16.37
430,Salinopolis,100,BR,1579917079,83,-0.61,-47.36,82.49,12.62
431,Merauke,100,ID,1579917079,70,-8.47,140.33,83.25,7.85
432,Bathsheba,20,BB,1579917080,78,13.22,-59.52,78.8,10.29
433,Nome,1,US,1579917080,76,64.5,-165.41,-11.2,4.7
434,Norman Wells,90,CA,1579917080,76,65.28,-126.83,-7.6,5.82
435,Seoul,75,KR,1579917020,74,37.57,126.98,41.0,3.36
436,San Vicente,0,AR,1579917080,83,-26.62,-54.13,64.38,3.58
437,Abonnema,32,NG,1579917080,83,4.71,6.79,71.6,4.54
438,'Ahuimanu,40,US,1579917081,61,21.44,-157.84,80.01,4.7
439,Jega,0,NG,1579917081,12,12.22,4.38,67.44,14.67
440,Verkhniy Baskunchak,100,RU,1579917081,81,48.23,46.72,29.59,20.62
441,Kawalu,93,ID,1579917081,66,-7.38,108.21,82.92,4.16
442,Kaltenkirchen,90,DE,1579917081,93,53.83,9.97,39.99,8.05
443,Galle,100,LK,1579917066,81,6.04,80.22,79.39,4.88
444,Homer,75,US,1579917081,52,59.64,-151.55,17.6,11.41
445,Ilanskiy,100,RU,1579917082,85,56.24,96.06,24.76,5.37
446,Srednekolymsk,97,RU,1579917082,95,67.45,153.68,-35.77,5.21
447,Stornoway,100,GB,1579917082,93,58.21,-6.39,46.99,34.45
448,Hervey Bay,40,AU,1579917082,66,-25.3,152.85,86.0,10.29
449,Beloha,0,MG,1579917082,78,-25.17,45.05,69.26,12.8
450,Avera,90,US,1579917083,93,33.19,-82.53,59.0,9.17
451,Naze,75,JP,1579917083,88,28.37,129.48,71.6,6.93
452,Dunedin,78,NZ,1579917069,89,-45.87,170.5,62.01,18.01
453,Registro,13,BR,1579917083,98,-24.49,-47.84,65.21,2.28
454,Asau,35,RO,1579917083,85,46.43,26.4,33.01,4.7
455,Puerto Escondido,20,MX,1579916841,83,15.85,-97.07,80.6,1.14
456,Gopalpur,18,IN,1579917084,72,19.27,84.92,72.09,3.8
457,Koumac,99,NC,1579917030,65,-20.57,164.28,79.36,3.4
458,Moshkovo,90,RU,1579917084,74,55.31,83.61,30.2,17.9
459,Beringovskiy,100,RU,1579917084,96,63.05,179.32,11.68,9.24
460,Dire Dawa,100,ET,1579917084,96,9.59,41.87,57.6,3.53
461,Borba,100,BR,1579917085,86,-4.39,-59.59,77.18,2.37
462,Banjar,20,ID,1579917085,74,-8.19,114.97,86.0,5.82
463,Vanimo,0,PG,1579917085,71,-2.67,141.3,83.66,6.93
464,Yulara,0,AU,1579917085,14,-25.24,130.99,87.8,16.11
465,Touros,75,BR,1579917085,83,-5.2,-35.46,80.6,5.82
466,Airai,100,TL,1579917085,64,-8.93,125.41,81.54,3.91
467,Aksarka,83,RU,1579917085,97,66.56,67.8,-0.11,4.09
468,Hambantota,20,LK,1579917086,100,6.12,81.12,73.4,4.7
469,Termoli,33,IT,1579917086,77,41.99,14.99,46.0,1.99
470,Nizhniy Kuranakh,100,RU,1579917086,95,58.84,125.49,-17.73,2.59
471,Poddorye,98,RU,1579917086,86,57.47,31.12,35.78,9.6
472,Itarema,84,BR,1579916839,88,-2.92,-39.92,76.77,4.56
473,Ampanihy,0,MG,1579917086,82,-24.7,44.75,67.55,12.95
474,Pontes e Lacerda,100,BR,1579917087,60,-15.23,-59.34,75.67,1.19
475,Conneaut,90,US,1579917087,86,41.95,-80.55,45.0,3.36
476,Ulladulla,90,AU,1579917087,54,-35.35,150.47,82.4,10.29
477,Rio Grande,0,BR,1579917087,86,-32.03,-52.1,71.01,9.44
478,Xinzhou,38,CN,1579917087,60,38.41,112.73,26.96,2.64
479,Imeni Poliny Osipenko,15,RU,1579917088,71,52.42,136.49,-7.17,5.03
480,Prince Rupert,90,CA,1579916989,93,54.32,-130.32,44.6,12.75
481,Rimavska Sobota,42,SK,1579917088,49,48.38,20.02,15.01,1.23
482,Leningradskiy,4,RU,1579917088,80,69.38,178.42,-23.69,1.54
483,Vila Velha,75,BR,1579916793,88,-20.33,-40.29,77.0,12.75
484,Lambarene,96,GA,1579917088,97,-0.7,10.24,74.46,1.72
485,Gerash,0,IR,1579917088,93,27.67,54.14,37.4,1.63
486,Chute-aux-Outardes,40,CA,1579917089,91,49.12,-68.4,10.4,3.36
487,Halifax,5,CA,1579916954,100,44.65,-63.57,30.99,4.7
488,Farafangana,68,MG,1579917089,71,-22.82,47.83,78.19,16.98
489,Ketchikan,75,US,1579917089,93,55.34,-131.65,41.0,10.29
490,Visby,11,SE,1579917089,86,57.64,18.3,42.01,14.99
491,Nambucca Heads,75,AU,1579917090,74,-30.65,153.0,88.0,8.05
492,Cheney,75,US,1579917090,100,47.49,-117.58,43.0,12.75
493,Ust'-Ilimsk,100,RU,1579917090,91,58.0,102.66,26.13,10.36
494,Qui Nhon,96,VN,1579917090,77,13.77,109.23,74.07,0.18
495,Kobyzhcha,75,UA,1579917090,82,50.83,31.5,32.0,8.95
496,Fairbanks,75,US,1579916964,70,64.84,-147.72,-0.4,8.05
497,Sao Filipe,7,CV,1579917090,68,14.9,-24.5,72.12,14.43
498,Andenes,100,NO,1579917091,92,69.31,16.12,30.99,8.05
499,Saint-Joseph,100,RE,1579917091,94,-21.37,55.62,78.8,24.16
500,San Joaquin,46,VE,1579917091,78,10.26,-67.79,74.97,4.56
501,Bang Saphan,40,TH,1579917091,94,11.21,99.51,77.0,7.65
502,Ottumwa,90,US,1579917091,95,41.02,-92.41,33.8,13.87
503,Xiangfan,100,CN,1579917092,83,32.04,112.14,39.33,7.23
504,Hluti,85,SZ,1579917092,78,-27.22,31.62,77.0,2.24
505,Itoman,40,JP,1579917092,78,26.12,127.67,77.0,11.41
506,Seddon,0,AU,1579917092,38,-37.81,144.89,82.0,6.93
507,Cutler,90,US,1579917092,88,25.62,-80.31,73.4,1.72
508,Gisborne,36,NZ,1579917092,63,-38.65,178.0,82.99,7.0
509,Kungurtug,51,RU,1579917092,71,50.6,97.52,8.2,4.0
510,Puerto Baquerizo Moreno,28,EC,1579917093,83,-0.9,-89.6,76.42,8.84
511,Grand Gaube,75,MU,1579917093,94,-20.01,57.66,80.6,19.46
512,Kaseda,75,JP,1579917093,93,31.42,130.32,51.8,3.36
513,Kununurra,40,AU,1579917093,67,-15.77,128.73,93.2,4.7
514,Saint-Pierre,100,RE,1579917093,94,-21.34,55.48,78.8,24.16
515,Pangody,95,RU,1579917093,97,65.85,74.49,0.93,4.07
516,Nova Olimpia,66,BR,1579917094,73,-14.8,-57.29,73.4,1.79
517,Sabha,100,LY,1579917094,23,27.04,14.43,53.78,9.55
518,Samarai,99,PG,1579917094,62,-10.62,150.67,88.02,5.66
519,Smithers,75,CA,1579916836,86,54.78,-127.17,37.4,5.82
520,Ust'-Omchug,80,RU,1579917094,95,61.15,149.63,-30.89,7.96
521,Dubbo,40,AU,1579917094,62,-32.25,148.62,84.2,13.87
522,Codrington,68,AU,1579917094,83,-38.27,141.97,63.77,16.51
523,Banda Aceh,32,ID,1579916925,61,5.56,95.32,83.89,7.23
524,Mitchell,90,US,1579917095,85,43.71,-98.03,25.0,6.93
525,Port Lincoln,0,AU,1579917095,48,-34.73,135.87,75.43,3.85
526,San Andres,20,CO,1579916980,69,12.58,-81.7,78.8,8.05
527,Takoradze,55,GH,1579917095,92,4.88,-1.76,77.13,2.89
528,Yloejaervi,0,FI,1579917095,70,61.56,23.6,33.01,14.99
529,Rumonge,100,BI,1579917096,85,-3.97,29.44,68.11,4.32
530,Tilichiki,100,RU,1579917096,88,60.47,166.1,27.88,25.9
531,Bani Walid,93,LY,1579917096,34,31.76,13.99,54.03,9.22
532,Noyabrsk,100,RU,1579917096,100,63.2,75.45,-4.67,11.14
533,Ust-Tsilma,96,RU,1579917096,99,65.44,52.15,-5.76,1.05
534,Fuerte Olimpo,0,PY,1579917096,75,-21.04,-57.87,75.29,2.39
535,Quesnel,75,CA,1579917083,100,53.0,-122.5,35.6,4.7
536,Pahrump,1,US,1579917097,28,36.21,-115.98,60.01,3.36
537,Urdoma,98,RU,1579917097,96,61.75,48.54,6.03,4.29
538,Champerico,0,GT,1579917097,81,14.3,-91.92,74.91,3.74
539,Taguatinga,100,BR,1579917098,95,-12.39,-46.57,70.59,2.01
540,Scarborough,53,GB,1579917098,93,54.28,-0.4,44.01,4.7
541,Ahipara,0,NZ,1579917098,61,-35.17,173.17,91.99,1.01
542,Saint-Francois,7,FR,1579917098,94,46.42,3.91,35.01,3.09
543,Hualmay,100,PE,1579917098,67,-11.1,-77.61,73.6,3.24
544,Adrar,99,MR,1579917098,39,20.5,-10.07,72.84,11.1
545,Joensuu,90,FI,1579917099,92,62.58,29.75,30.0,12.75
546,Kirkwood,90,US,1579917099,89,38.58,-90.41,36.0,9.17
547,Abapo,52,BO,1579917099,50,-18.83,-63.47,69.13,4.09
548,Vanavara,100,RU,1579917099,96,60.34,102.28,17.64,5.41
549,Qeshm,0,IR,1579917099,93,26.96,56.27,57.2,4.7
550,Jaszszentandras,90,HU,1579917100,100,47.58,20.18,30.0,2.24
551,Eirunepe,100,BR,1579917100,98,-6.66,-69.87,73.09,1.66
552,Romanovka,98,RU,1579917100,92,51.74,42.75,31.08,18.07
553,Sinegorye,100,RU,1579917100,100,62.08,150.48,-31.67,3.96
554,Hermiston,1,US,1579917100,58,45.84,-119.29,54.0,6.93
555,Bon Accord,40,CA,1579917100,92,53.83,-113.42,32.0,3.36
556,Kupang,40,ID,1579916932,89,-10.17,123.58,84.2,6.93
557,Japura,9,ID,1579917101,63,-0.32,102.35,86.23,2.3
558,Zhukovka,100,RU,1579917101,92,53.53,33.73,35.38,11.86
559,Santa Barbara,1,US,1579917086,48,34.42,-119.7,66.2,8.05
560,Pokrovka,8,KG,1579917101,53,42.34,78.01,23.7,6.46
561,Ulaanbaatar,0,MN,1579916892,68,47.91,106.88,-20.2,2.24
562,Plettenberg Bay,0,ZA,1579917102,82,-34.05,23.37,66.94,4.72
563,Jieshi,100,CN,1579917102,81,22.81,115.83,69.01,1.01
564,Marystown,0,CA,1579917102,65,47.17,-55.15,21.11,11.83
565,Laramie,1,US,1579917092,55,41.31,-105.59,41.0,14.99
566,Mongu,34,ZM,1579917102,94,-15.25,23.13,65.88,3.13
567,Uddevalla,95,SE,1579917102,86,58.35,11.94,42.01,4.7
568,Ubinskoye,100,RU,1579917102,96,55.31,79.68,28.09,12.41
569,Viransehir,39,TR,1579917103,42,37.24,39.76,34.2,11.34
570,Charlestown,90,AU,1579917103,88,-32.95,151.67,82.99,5.82
571,Esim,55,GH,1579917103,92,4.87,-2.24,77.13,2.89
572,Prudyanka,90,UA,1579917103,86,50.24,36.17,33.8,11.18
573,Tehachapi,1,US,1579916846,50,35.13,-118.45,62.6,21.92
574,Maputo,40,MZ,1579917104,83,-25.97,32.59,75.99,3.36
575,San Quintin,100,MX,1579917104,27,30.48,-115.95,37.0,10.0
576,Kapoeta,83,SS,1579917104,26,4.77,33.59,73.98,4.72
577,Pinawa,24,CA,1579917104,96,50.15,-95.88,11.08,3.6
